232.06590270996094
231.72010803222656
232.00218200683594
232.31161499023438
232.47540283203125
232.702880859375
232.76658630371094
233.96780395507812
233.05776977539062
233.46726989746094
232.31161499023438
232.6118927001953
234.51377868652344
233.64019775390625
234.0041961669922
234.31356811523438
234.40455627441406
235.18719482421875
235.55116271972656
235.38739013671875
235.78778076171875
234.93243408203125
234.85960388183594
235.0779266357422
234.531982421875
233.35809326171875
235.3418731689453
234.6502685546875
235.05067443847656
236.58859252929688
236.37928771972656
236.92523193359375
236.80699157714844
239.20933532714844
239.0637664794922
241.15676879882812
240.65625
240.3650360107422
239.50057983398438
239.54603576660156
240.3013458251953
241.61170959472656
242.33970642089844
242.7673797607422
242.7400665283203
241.74818420410156
243.76133728027344
245.30712890625
244.36502075195312
244.23696899414062
244.739990234375
244.67599487304688
244.38330078125
244.50221252441406
245.0052490234375
244.08151245117188
245.8284454345703
247.38333129882812
248.42596435546875
250.08151245117188
250.53887939453125
251.10601806640625
250.72178649902344
252.5510711669922
254.19740295410156
253.3285369873047
255.7430877685547
255.31324768066406
256.4748840332031
258.56024169921875
259.1089782714844
259.0083923339844
259.11822509765625
262.1181640625
260.3803405761719
257.70965576171875
257.8376770019531
257.5450439453125
251.93826293945312
241.40150451660156
246.15771484375
244.8223419189453
235.63931274414062
239.17897033691406
242.69122314453125
243.2948760986328
246.5784454345703
249.72476196289062
249.79798889160156
248.2339324951172
246.9991912841797
247.31924438476562
251.2614288330078
254.17916870117188
251.0053253173828
248.46266174316406
244.8498077392578
246.11190795898438
248.95652770996094
249.58770751953125
249.4961395263672
250.70346069335938
255.06629943847656
254.74620056152344
253.09982299804688
251.80105590820312
251.5266571044922
251.79934692382812
248.3923797607422
248.81491088867188
248.33741760253906
242.12966918945312
236.96875
243.45201110839844
239.31040954589844
238.6033477783203
241.6520538330078
236.43618774414062
239.46652221679688
242.02857971191406
243.93869018554688
238.5023193359375
239.67774963378906
243.4887237548828
242.2123260498047
244.2049560546875
243.4887237548828
245.4906463623047
248.1170654296875
248.30067443847656
246.92320251464844
244.82948303222656
244.7928009033203
241.4960479736328
242.09291076660156
244.55398559570312
244.7835235595703
242.9010467529297
243.33265686035156
241.69805908203125
241.16542053222656
244.28765869140625
245.1141357421875
245.1141357421875
247.48333740234375
249.79750061035156
250.5596923828125
250.67906188964844
248.95263671875
249.99949645996094
249.788330078125
249.1638946533203
251.0371551513672
250.33932495117188
251.02801513671875
250.5137481689453
249.91693115234375
247.04261779785156
250.33932495117188
248.80569458007812
251.24838256835938
252.4422607421875
252.6258544921875
254.7379913330078
254.71051025390625
255.46348571777344
255.80322265625
256.1337585449219
255.31649780273438
255.9593048095703
255.6328125
255.1070098876953
254.1292724609375
254.56275939941406
252.96697998046875
253.42819213867188
249.97830200195312
250.5317840576172
248.45628356933594
249.8767852783203
250.23658752441406
250.77159118652344
249.88604736328125
251.9246063232422
254.05543518066406
256.3431091308594
257.2654724121094
255.3837127685547
257.698974609375
257.9019775390625
257.67138671875
258.71368408203125
259.2579345703125
258.2801513671875
257.9850158691406
258.4646911621094
259.7652282714844
261.9790954589844
261.36102294921875
259.5899658203125
258.23406982421875
259.5070495605469
259.07342529296875
260.4848327636719
261.6008605957031
262.560302734375
263.42730712890625
263.3166809082031
262.9568786621094
261.19500732421875
260.21722412109375
261.87762451171875
259.9220886230469
262.02520751953125
262.9476623535156
263.5103759765625
264.1282653808594
263.9715576171875
263.6210632324219
265.2076110839844
267.3014221191406
267.4306640625
268.86962890625
267.7811584472656
267.7904052734375
267.3292236328125
266.6097106933594
265.8072204589844
265.2906188964844
265.7518615722656
266.62811279296875
266.6927185058594
268.27008056640625
268.316162109375
266.8956604003906
268.3439025878906
268.62969970703125
270.8067626953125
270.5592956542969
269.6605224609375
269.41033935546875
268.604248046875
269.3547668457031
269.38250732421875
270.3184814453125
270.1609191894531
270.30914306640625
268.19647216796875
266.69537353515625
266.69537353515625
266.30621337890625
257.8740539550781
252.19403076171875
255.69654846191406
254.26034545898438
259.8199462890625
259.86627197265625
256.113525390625
255.97459411621094
254.82562255859375
253.52835083007812
245.8468017578125
250.25743103027344
245.8560028076172
244.49395751953125
248.116943359375
250.7670440673828
253.4356689453125
251.9346466064453
253.32449340820312
254.9275360107422
260.38525390625
259.9125671386719
257.3738098144531
252.56468200683594
252.0921630859375
250.36859130859375
252.9815673828125
253.63955688476562
249.34933471679688
244.7348175048828
245.5687713623047
243.9287109375
247.86680603027344
248.70069885253906
254.4270782470703
253.8711700439453
255.4186248779297
258.80072021484375
250.4149932861328
250.03501892089844
244.22523498535156
244.68853759765625
244.74417114257812
245.97654724121094
245.8931884765625
241.35275268554688
236.6177978515625
236.35833740234375
232.8187255859375
229.02891540527344
224.33621215820312
218.40859985351562
229.4436492919922
231.20513916015625
230.9069061279297
232.9293975830078
233.17172241210938
227.60760498046875
235.23147583007812
237.0862274169922
239.3136749267578
240.43215942382812
241.28025817871094
241.3734588623047
239.90087890625
242.6503143310547
243.2375030517578
245.0828399658203
248.34495544433594
244.9896240234375
245.5022735595703
245.63278198242188
247.711181640625
245.82852172851562
245.5022735595703
249.38876342773438
251.57896423339844
251.70016479492188
253.4710235595703
254.5335235595703
254.1979522705078
251.7747802734375
252.082275390625
252.22215270996094
255.4655303955078
256.2950134277344
255.72650146484375
258.5132141113281
258.9606018066406
259.4824523925781
258.5597839355469
260.1628723144531
260.5171203613281
260.3306579589844
260.2187805175781
259.7341003417969
261.3559265136719
260.4052429199219
260.0509948730469
258.4759521484375
256.3136291503906
255.80104064941406
259.510498046875
260.4891052246094
262.21331787109375
262.0456237792969
263.34027099609375
264.2950744628906
264.3605651855469
263.56494140625
266.5417785644531
261.4118347167969
261.21527099609375
263.1623840332031
261.7862548828125
262.7785339355469
264.435546875
267.5715026855469
267.7025451660156
268.12384033203125
268.83526611328125
270.1365051269531
270.34246826171875
268.9569396972656
269.8743591308594
269.7994689941406
271.6248474121094
271.447021484375
271.6248474121094
270.96026611328125
271.4938049316406
271.7278137207031
274.1711730957031
273.5627136230469
273.39422607421875
274.66729736328125
275.09796142578125
275.2383117675781
273.16949462890625
272.5797424316406
275.2476806640625
274.114990234375
269.537353515625
269.16290283203125
268.3484802246094
269.6965637207031
262.9189147949219
265.2967834472656
266.85064697265625
269.3220520019531
267.58087158203125
265.8116149902344
268.2080383300781
267.3843078613281
264.1171875
264.7163391113281
262.25433349609375
260.494384765625
261.20587158203125
257.68603515625
257.0307922363281
262.61004638671875
264.88482666015625
266.60723876953125
269.27520751953125
270.5109558105469
270.4454040527344
269.96795654296875
271.0819396972656
270.7823791503906
270.88531494140625
273.7218017578125
274.339599609375
276.9607849121094
276.5582275390625
276.21954345703125
273.5103759765625
273.2375183105469
274.2065124511719
275.6175231933594
278.1197509765625
278.8440246582031
281.0733947753906
280.75360107421875
279.2109375
279.55889892578125
280.8946228027344
281.55316162109375
282.81365966796875
282.90771484375
281.99530029296875
280.0762939453125
281.1016540527344
279.5401306152344
280.22674560546875
282.2304382324219
283.55682373046875
282.2021789550781
284.0929870605469
283.5756530761719
282.8794860839844
279.7846984863281
277.34832763671875
275.2600402832031
266.98211669921875
270.72601318359375
270.8858947753906
276.2007751464844
274.3193664550781
270.98004150390625
275.1942138671875
267.057373046875
267.76287841796875
271.7137451171875
274.9872741699219
272.8801574707031
275.1000671386719
275.0155334472656
267.9510803222656
270.91412353515625
269.8511657714844
271.7513732910156
275.2223815917969
275.1000671386719
273.4915466308594
276.5958251953125
280.1515808105469
280.3678894042969
280.5090026855469
280.4431457519531
282.43743896484375
283.4156799316406
283.2275390625
282.352783203125
283.067626953125
283.23699951171875
283.2181701660156
281.8799743652344
281.8138732910156
279.6025085449219
281.25628662109375
280.67041015625
279.1583557128906
280.4530334472656
277.11712646484375
272.22186279296875
274.45220947265625
278.16607666015625
276.96588134765625
272.6660461425781
275.2554016113281
277.11712646484375
279.9900207519531
279.67816162109375
282.4469909667969
281.993408203125
282.8250427246094
281.58709716796875
283.4960021972656
282.5699157714844
283.39202880859375
283.8551025390625
285.01739501953125
286.6239929199219
286.5389709472656
287.4178161621094
286.65234375
289.307861328125
290.4702453613281
290.1489562988281
290.2151184082031
291.2356872558594
291.953857421875
291.3962707519531
292.0105895996094
292.1051330566406
292.5303955078125
294.6471862792969
294.864501953125
294.7795104980469
293.6832275390625
293.2107849121094
293.86279296875
296.140380859375
296.8112487792969
298.1343688964844
297.0286560058594
294.50543212890625
292.5303955078125
294.3353271484375
294.864501953125
297.55780029296875
296.622314453125
296.2915344238281
297.1325988769531
299.69366455078125
299.8731994628906
301.93328857421875
301.99945068359375
302.01837158203125
303.25634765625
304.58587646484375
305.0511474609375
305.0606689453125
306.6845397949219
306.60858154296875
304.9181823730469
305.6589660644531
308.5174560546875
306.1812744140625
307.3493347167969
306.4852294921875
308.11859130859375
310.2078552246094
309.3151550292969
311.4424743652344
310.96759033203125
311.67034912109375
314.262939453125
315.2411193847656
314.6238098144531
314.6617736816406
315.02264404296875
312.2210998535156
307.2164001464844
310.4358215332031
310.1794128417969
311.18603515625
305.5355224609375
307.8052062988281
312.49652099609375
316.1052551269531
317.1689147949219
315.4785461425781
317.8336486816406
318.3844909667969
320.4357604980469
320.0937805175781
320.606689453125
319.780517578125
321.3094177246094
319.9894104003906
316.69415283203125
306.1908264160156
296.91259765625
295.8204040527344
282.5346984863281
281.34759521484375
293.5317687988281
285.1272277832031
297.1119689941406
287.2354736328125
282.48712158203125
260.42645263671875
273.9022216796875
260.5498962402344
235.62120056152344
255.763671875
227.7769775390625
240.0751495361328
227.91946411132812
228.40377807617188
218.56088256835938
212.9727020263672
232.26869201660156
235.74578857421875
249.51095581054688
242.0791015625
249.94082641601562
246.21533203125
235.13442993164062
240.56024169921875
237.08314514160156
253.00711059570312
253.26507568359375
261.76678466796875
265.7502136230469
263.3238220214844
271.09002685546875
265.329833984375
266.6098937988281
273.8125
268.98846435546875
260.821044921875
266.6098937988281
266.5908203125
270.3067321777344
274.2041320800781
272.9431457519531
280.08837890625
277.4806213378906
270.13482666015625
270.8798522949219
273.38262939453125
271.5294494628906
274.80596923828125
279.3529357910156
279.41021728515625
273.84112548828125
268.998046875
272.21722412109375
273.4685974121094
281.7983703613281
278.9039611816406
283.6419677734375
281.6836853027344
282.2186279296875
285.69573974609375
289.9466247558594
289.4116516113281
290.7012939453125
291.8761901855469
294.29296875
298.20947265625
297.42620849609375
305.0490417480469
308.7363586425781
306.4341735839844
304.7242736816406
287.1572265625
290.59619140625
293.3091125488281
298.9546203613281
297.7127990722656
297.827392578125
296.12530517578125
298.0251159667969
299.39703369140625
291.75982666015625
294.8876647949219
287.8836364746094
292.1148681640625
295.856689453125
297.9291687011719
299.56976318359375
304.1943359375
301.0569152832031
303.359619140625
301.632568359375
304.7124328613281
302.073974609375
305.9885559082031
308.7997741699219
307.7826232910156
308.6750183105469
311.1695556640625
311.83160400390625
313.6065368652344
309.8646545410156
307.8690490722656
310.1141662597656
308.14727783203125
311.9371032714844
310.82415771484375
313.2803649902344
315.4583435058594
316.67681884765625
318.64373779296875
320.7737121582031
321.00396728515625
321.96337890625
319.30572509765625
323.757568359375
323.17230224609375
323.181884765625
324.2085266113281
324.9089660644531
323.55609130859375
324.5634765625
325.71490478515625
329.015380859375
330.1667175292969
333.4768371582031
334.2059631347656
336.36474609375
335.14630126953125
338.3028564453125
343.1960754394531
331.38525390625
328.6795654296875
319.6990661621094
326.0123291015625
320.35150146484375
320.5146179199219
324.7362060546875
326.37689208984375
325.08160400390625
322.2224426269531
318.5128173828125
314.9679260253906
318.17559814453125
310.7968444824219
311.625244140625
316.663330078125
321.9228820800781
320.1696472167969
322.59722900390625
324.6682434082031
321.585693359375
327.2883605957031
322.6356506347656
328.251708984375
331.16082763671875
334.1181945800781
339.4932861328125
337.2778015136719
335.15850830078125
334.74432373046875
334.5419921875
329.455810546875
330.7755126953125
330.1494140625
331.9603576660156
333.0874328613281
326.9319763183594
325.8049621582031
314.66925048828125
317.8674011230469
314.5536804199219
318.0793762207031
323.6953430175781
330.9296569824219
337.3836975097656
337.306640625
341.5451354980469
341.04425048828125
343.57769775390625
340.24462890625
344.9551696777344
349.2611083984375
347.3826904296875
343.2019958496094
344.64691162109375
342.286865234375
344.3385925292969
349.8872375488281
349.3477783203125
350.3207702636719
348.7698059082031
352.58447265625
353.3262023925781
353.2298278808594
356.27386474609375
355.5417785644531
356.5821533203125
353.3839416503906
353.2684020996094
352.85418701171875
351.2743835449219
356.0234375
356.5821533203125
358.57611083984375
357.1444396972656
355.8674011230469
355.2676086425781
355.58685302734375
356.9702453613281
360.03692626953125
359.3500671386719
359.8628234863281
361.6911926269531
356.76708984375
359.2243347167969
361.3719177246094
366.740966796875
368.8305969238281
366.3443908691406
366.4217224121094
367.4085693359375
366.121826171875
363.451904296875
366.3056640625
371.3749084472656
371.7134094238281
370.39776611328125
371.8584899902344
371.2781066894531
362.2039489746094
365.3189392089844
358.0054016113281
363.96453857421875
369.1111145019531
369.4013366699219
373.59991455078125
375.0703430175781
377.77899169921875
377.52752685546875
377.363037109375
377.9725341796875
379.8395690917969
379.5106506347656
379.5977478027344
377.9822082519531
377.31463623046875
374.4124755859375
374.86712646484375
378.9979553222656
369.8656921386719
367.9599304199219
376.87933349609375
373.9385070800781
368.9853820800781
364.4192810058594
371.123291015625
369.2756042480469
374.54791259765625
376.87933349609375
380.7005310058594
381.2132873535156
383.4866638183594
383.0030212402344
384.3089904785156
378.7174377441406
378.01666259765625
381.0351257324219
378.03607177734375
376.1143798828125
378.23016357421875
384.3253479003906
384.1312255859375
383.1121520996094
384.6650390625
388.8190612792969
394.3998107910156
394.16693115234375
394.623046875
396.49627685546875
399.37884521484375
399.52447509765625
400.7085266113281
399.34002685546875
403.6300048828125
404.9790344238281
402.9893798828125
400.038818359375
403.82403564453125
400.1358947753906
404.47430419921875
405.3187255859375
405.2313537597656
405.1148986816406
407.6965637207031
405.017822265625
405.891357421875
403.3872985839844
403.5135192871094
406.73577880859375
409.6959533691406
405.6390075683594
402.018798828125
393.4778137207031
398.2044677734375
404.3190612792969
403.29022216796875
399.81561279296875
398.76739501953125
403.0572814941406
402.7273254394531
406.8328552246094
405.9301452636719
406.73577880859375
406.9492492675781
407.67718505859375
407.318115234375
407.95867919921875
406.4445495605469
410.1618957519531
409.7639465332031
409.85125732421875
409.2398376464844
411.1421203613281
411.8215026855469
412.7435607910156
411.986572265625
409.686279296875
409.55035400390625
404.0254211425781
409.8093566894531
412.0003356933594
411.5037841796875
413.9381408691406
415.408447265625
416.245849609375
416.4698181152344
416.8203430175781
419.1281433105469
422.3317565917969
421.5625
423.05230712890625
419.60528564453125
424.0845031738281
425.603515625
424.15264892578125
424.7855529785156
423.3347473144531
420.0142517089844
413.8115234375
419.7415771484375
423.13995361328125
424.02606201171875
428.3883972167969
429.4400634765625
427.4828796386719
427.3075256347656
429.0798034667969
426.9959716796875
426.1001281738281
429.5666809082031
427.4536437988281
430.1606750488281
430.8714904785156
430.5209655761719
431.0565185546875
432.1275939941406
433.4226989746094
434.2114562988281
435.2337951660156
432.38079833984375
427.64837646484375
428.31048583984375
431.7186279296875
435.5162353515625
436.2076416015625
437.1229248046875
434.54248046875
438.4277648925781
440.3557434082031
439.703369140625
439.93701171875
441.29052734375
441.1833801269531
439.6059875488281
439.07037353515625
437.1910400390625
433.7440185546875
434.8540954589844
432.50738525390625
436.1199645996094
435.4286193847656
431.18707275390625
423.9974060058594
423.59686279296875
427.72900390625
432.9259033203125
433.6390075683594
432.3984069824219
423.68475341796875
424.39788818359375
419.21075439453125
424.19268798828125
418.72235107421875
423.0791320800781
424.83746337890625
428.510498046875
427.72900390625
424.63232421875
423.5870361328125
425.1109619140625
432.2615966796875
435.55364990234375
436.8431396484375
440.21331787109375
441.94232177734375
443.0950622558594
442.6358947753906
445.0096740722656
445.4101867675781
443.4369201660156
447.71563720703125
448.6240539550781
449.3957824707031
451.2127685546875
453.967529296875
456.1068420410156
457.6893005371094
458.0801086425781
456.56591796875
452.8929748535156
453.0394592285156
456.45849609375
456.61480712890625
458.4219970703125
457.3083801269531
458.8616027832031
458.0410461425781
456.7515869140625
457.35723876953125
458.5782775878906
448.3505554199219
453.85028076171875
445.0194396972656
440.0765075683594
446.8168640136719
442.928955078125
448.1747131347656
457.44512939453125
458.65643310546875
455.559814453125
459.84820556640625
455.77471923828125
452.6389465332031
459.7114562988281
455.6575012207031
450.8079833984375
446.01434326171875
453.93511962890625
458.473876953125
461.3265075683594
467.85528564453125
467.4729919433594
468.0709533691406
466.7769775390625
465.6006164550781
468.29638671875
468.13958740234375
459.1502990722656
458.71893310546875
456.9053649902344
456.33685302734375
460.4932861328125
461.7382507324219
455.3760986328125
455.5624084472656
447.49456787109375
442.84796142578125
437.94647216796875
429.349365234375
431.17266845703125
425.90850830078125
424.8399963378906
422.7421569824219
433.2411193847656
441.04425048828125
444.02435302734375
448.337646484375
437.7994689941406
439.85809326171875
438.44647216796875
442.053955078125
448.52386474609375
440.46588134765625
431.78045654296875
430.36883544921875
437.3093566894531
437.7994689941406
428.4474792480469
425.6732482910156
421.10504150390625
413.6352233886719
419.8600769042969
429.12384033203125
428.0259704589844
421.5069885253906
429.2611389160156
427.1240234375
423.6538391113281
411.16485595703125
408.04754638671875
418.9875793457031
417.09564208984375
411.7922668457031
408.78277587890625
417.7720642089844
427.03582763671875
432.3784484863281
437.11419677734375
436.9863586425781
442.0997314453125
436.40618896484375
442.9847106933594
445.1480712890625
448.314453125
453.8604431152344
451.0579833984375
444.1155700683594
445.3742370605469
449.1895751953125
443.5157470703125
439.08087158203125
441.2933654785156
440.1133728027344
432.5908508300781
430.98797607421875
435.92437744140625
430.496337890625
430.67333984375
437.62554931640625
437.301025390625
430.7618103027344
418.94207763671875
421.3709411621094
409.1676940917969
410.31817626953125
420.6825866699219
405.135986328125
407.5746765136719
409.4430236816406
421.9117431640625
406.91583251953125
404.48699951171875
391.5364074707031
392.4410705566406
386.2066955566406
385.8034973144531
395.02728271484375
393.42437744140625
401.5173034667969
385.3315124511719
382.97149658203125
383.138671875
390.3072509765625
387.32769775390625
390.7497253417969
398.55743408203125
408.3417053222656
406.05047607421875
402.7661437988281
410.4361877441406
403.7003173828125
404.92950439453125
408.81365966796875
404.3689880371094
394.751953125
383.3058166503906
368.75244140625
367.6412353515625
372.8824462890625
360.5415344238281
361.31878662109375
370.4144287109375
369.742919921875
373.3673400878906
385.2381286621094
383.7666320800781
375.9251708984375
375.6190490722656
372.5673828125
376.50787353515625
377.2189025878906
378.492919921875
384.1616516113281
383.84564208984375
379.4607849121094
376.10296630859375
374.12774658203125
373.2192077636719
380.3495788574219
377.2090759277344
387.40093994140625
389.8699035644531
393.84002685546875
390.1859436035156
390.6600036621094
386.0380859375
396.0621032714844
401.0296630859375
406.87615966796875
405.6712951660156
402.9949645996094
409.3056335449219
409.02911376953125
408.33782958984375
407.8637390136719
406.2441101074219
414.7768859863281
414.7768859863281
421.79864501953125
423.5367736816406
424.3663635253906
421.35418701171875
422.578857421875
416.90020751953125
408.21929931640625
407.2317199707031
408.53533935546875
414.3028564453125
400.2790832519531
397.63238525390625
393.2672119140625
390.27484130859375
391.49945068359375
387.3713073730469
385.9096984863281
392.8425598144531
395.4103088378906
401.5531005859375
405.8688659667969
388.22064208984375
389.7020263671875
385.27764892578125
382.33837890625
385.30340576171875
380.88067626953125
374.2366638183594
371.0931396484375
364.87554931640625
361.2659606933594
360.34375
367.4339904785156
359.7586669921875
354.1955261230469
363.5467224121094
374.81182861328125
373.9391784667969
370.0816650390625
359.7586669921875
357.01177978515625
354.7508239746094
353.5806884765625
362.9120788574219
354.64178466796875
363.7549743652344
368.0289611816406
365.42095947265625
362.3567810058594
371.1625671386719
375.70428466796875
381.7037658691406
378.82794189453125
376.8050537109375
385.76947021484375
382.9829406738281
381.30706787109375
371.7377014160156
367.90997314453125
373.2053527832031
376.7752685546875
378.8081359863281
371.00390625
391.3921203613281
395.1802062988281
391.8185119628906
395.1603698730469
392.145751953125
390.94586181640625
392.7209167480469
391.2929382324219
396.5585632324219
399.0575256347656
398.96826171875
392.6019287109375
391.9276123046875
404.2735900878906
403.97607421875
403.510009765625
396.25115966796875
390.5392761230469
389.8749084472656
392.9291687011719
389.993896484375
395.61651611328125
398.6112976074219
396.062744140625
386.3743896484375
381.81280517578125
378.5751647949219
379.09320068359375
384.7615661621094
379.2724914550781
381.4541931152344
379.9499206542969
375.2279357910156
381.982177734375
380.9759826660156
379.37213134765625
382.30096435546875
377.9375915527344
386.6044921875
386.3853454589844
389.0950012207031
394.0162353515625
395.45074462890625
396.9848937988281
396.2576599121094
390.0015563964844
387.16241455078125
394.3748779296875
399.1068115234375
398.6784362792969
398.827880859375
403.2111511230469
404.1376037597656
399.06695556640625
404.9345703125
409.2381286621094
415.1954040527344
410.7822570800781
408.2718200683594
413.6114501953125
409.0887145996094
405.542236328125
406.4886474609375
411.2604064941406
411.0711669921875
412.40606689453125
406.72772216796875
405.71160888671875
397.5726623535156
397.0247497558594
399.1366882324219
394.8729553222656
396.21783447265625
394.75341796875
393.23919677734375
396.2975158691406
402.65325927734375
402.9322204589844
396.7557678222656
397.4033203125
390.0712890625
384.4427795410156
383.89483642578125
390.24066162109375
387.7999572753906
394.6039733886719
389.989990234375
393.739990234375
398.9100036621094
392.1099853515625
393.1700134277344
395.75
396.489990234375
395.6000061035156
401.3500061035156
403.70001220703125
409.3900146484375
